-0.076995373
0.02506462
0.080894526
0.041049085
-0.038185563
0.084533559
0.065207013
0.045835116
-0.017394184
0.028961662
0.042807328
-0.041456521
0.031993833
0.060715286
-0.022237482
-0.065708678
-0.052328271
0.069372979
-0.006238113
0.061892368
0.022816566
-0.02588455
0.06721777
-0.006271293
0.022360948
-0.014214214
0.027264419
-0.013163314
-0.007395659
-0.021948635
-0.072344889
-0.049309482
0.081056839
-0.006998305
0.012151706
0.019614881
0.033423683
-0.017542366
-0.005322007
-0.07265851
0.047040914
0.0115056
0.013521907
0.005357612
0.007070584
0.014543379
0.005283971
0.064278205
0.013366471
0.008002138
0.002869754
0.023794342
-0.055839954
0.065256214
-0.031444926
0.00768763
0.04165764
-0.012003447
0.014810694
-0.035367679
0.045972598
-0.031029267
0.027521823
0.009513274
-0.014697933
-0.002046294
0.013328182
-0.028901141
-0.011505881
0.02689987
-0.023279683